id,EAP,HPL,MWS
id02310,0.375316307,0.255640793,0.3690429
id24541,0.421625144,0.292666128,0.285708728
id00134,0.37978091,0.350146491,0.270072599
id27757,0.387193726,0.36188994,0.250916334
id04081,0.421414357,0.247813382,0.33077226
id27337,0.420956104,0.312507423,0.266536473
id24265,0.417931189,0.263978436,0.318090376
id25917,0.336281134,0.286836215,0.376882651
id04951,0.459362501,0.285034663,0.255602837
id14549,0.458703733,0.255845132,0.285451136
id22505,0.326503956,0.304220062,0.369275982
id24002,0.333883008,0.384415065,0.281701927
id18982,0.337381571,0.298411931,0.364206498
id15181,0.318040834,0.412286986,0.26967218
id21888,0.406852178,0.274811608,0.318336214
id12035,0.274808988,0.232103806,0.493087206
id17991,0.384087306,0.252728796,0.363183898
id10707,0.495743845,0.253247874,0.251008281
id07101,0.362037523,0.327073142,0.310889335
id00345,0.393450156,0.336672971,0.269876873
id05912,0.443680463,0.255305422,0.301014116
id13443,0.396732495,0.263812263,0.339455242
id09248,0.362336156,0.315958322,0.321705522
id17542,0.381443059,0.272180185,0.346376756
id06995,0.362098677,0.284172741,0.353728582
id25159,0.404514749,0.198396529,0.397088722
id25729,0.395919475,0.327879723,0.276200803
id26949,0.413697314,0.304477683,0.281825003
id27191,0.373163264,0.251429227,0.375407509
id07668,0.381138127,0.253500015,0.365361859
id02230,0.343213873,0.278522554,0.378263573
id15553,0.436740727,0.286455702,0.276803571
id25688,0.25530003,0.488940545,0.255759425
id17545,0.512019686,0.229862197,0.258118118
id13929,0.385654682,0.32935506,0.284990258
id12880,0.357349539,0.335799738,0.306850723
id19282,0.400694501,0.289395055,0.309910444
id14690,0.302898309,0.302133713,0.394967977
id17975,0.341682537,0.354851947,0.303465516
id08037,0.466092926,0.248453241,0.285453834
id15412,0.34038103,0.24786382,0.41175515
id25032,0.491367392,0.228090678,0.280541929
id27165,0.48847186,0.2462156,0.26531254
id03327,0.409613336,0.313430738,0.276955927
id18515,0.428147646,0.288222905,0.283629449
id21003,0.332154066,0.327996355,0.339849579
id23855,0.257354841,0.404016387,0.338628772
id20724,0.432354981,0.26424238,0.303402639
id13303,0.383048944,0.296194029,0.320757028
id16521,0.327493017,0.345277883,0.3272291
id20775,0.470593995,0.27434271,0.255063295
id13029,0.441971747,0.270116699,0.287911555
id14660,0.406037338,0.304740166,0.289222496
id11028,0.32967479,0.189891416,0.480433794
id14180,0.478796847,0.267188609,0.254014543
id25860,0.410608114,0.2846405,0.304751386
id11910,0.388836229,0.181823689,0.429340082
id08065,0.317334929,0.30699241,0.375672661
id22674,0.374993918,0.266564371,0.358441711
id25018,0.378716512,0.261564523,0.359718966
id10892,0.342325882,0.374315567,0.283358551
id10217,0.38841108,0.335347144,0.276241776
id12996,0.357019438,0.251458385,0.391522176
id18262,0.400723777,0.276299763,0.322976461
id08606,0.326698325,0.401545081,0.271756595
id17233,0.323577319,0.279876225,0.396546455
id00101,0.403995514,0.294501527,0.301502958
id12225,0.473822689,0.246865369,0.279311942
id01364,0.337445507,0.379375678,0.283178815
id24973,0.400900074,0.22232808,0.376771846
id25363,0.387485555,0.268167612,0.344346833
id10061,0.394255128,0.289725287,0.316019586
id17673,0.352268077,0.344262534,0.303469389
id13249,0.400290882,0.258159579,0.341549539
id10107,0.350384645,0.240439696,0.409175659
id04403,0.402897332,0.288379845,0.308722822
id25728,0.394016278,0.310295737,0.295687985
id16184,0.364132121,0.300627645,0.335240234
id03438,0.328082606,0.238352377,0.433565017
id22923,0.333484349,0.431489603,0.235026048
id08610,0.479167287,0.258327368,0.262505345
id25355,0.326698565,0.273204244,0.400097191
id16916,0.367961115,0.349930811,0.282108074
id12793,0.340827618,0.367711432,0.29146095
id11859,0.387951722,0.303831662,0.308216616
id02434,0.476152339,0.261844512,0.26200315
id27703,0.31634632,0.227569878,0.456083802
id25212,0.340544599,0.34898577,0.310469631
id11308,0.287520357,0.262947934,0.449531708
id26094,0.454856093,0.278027347,0.26711656
id22080,0.451326049,0.297753817,0.250920133
id03545,0.456094249,0.29340384,0.250501911
id23725,0.327480838,0.29869963,0.373819531
id12009,0.474762563,0.270114613,0.255122825
id24241,0.353566237,0.347546961,0.298886801
id03596,0.347441985,0.382265907,0.270292108
id10749,0.342425527,0.391887138,0.265687335
id22794,0.293121187,0.287739097,0.419139716
id15482,0.385946628,0.284878768,0.329174604
id04833,0.416332562,0.294393184,0.289274254
id00397,0.375506685,0.26731516,0.357178155
id14691,0.345093296,0.27349159,0.381415114
id05193,0.322446978,0.252730738,0.424822285
id19541,0.384473756,0.311356297,0.304169946
id22166,0.300560423,0.300569455,0.398870123
id20744,0.320382996,0.240669875,0.43894713
id10392,0.340370121,0.297047733,0.362582145
id00770,0.43177702,0.264680097,0.303542883
id06018,0.364824265,0.323004492,0.312171243
id15678,0.40500985,0.25380799,0.34118216
id08305,0.464161239,0.357485163,0.178353598
id08903,0.276590137,0.259147327,0.464262536
id14752,0.40786783,0.330073433,0.262058737
id12468,0.325345927,0.419169911,0.255484161
id05085,0.37433293,0.314465283,0.311201787
id21993,0.386076195,0.275151271,0.338772533
id15503,0.468403927,0.274373057,0.257223015
id03021,0.310591318,0.403078515,0.286330167
id16123,0.496788104,0.254812572,0.248399324
id19383,0.429645981,0.289257309,0.28109671
id04186,0.461353406,0.234357324,0.304289269
id17954,0.351017438,0.271872327,0.377110236
id12030,0.381171532,0.232434674,0.386393794
id13020,0.389602782,0.375160843,0.235236375
id25327,0.32070647,0.341949279,0.337344251
id16344,0.314511362,0.298898488,0.38659015
id12303,0.355686292,0.360740203,0.283573505
id15017,0.423361699,0.296178349,0.280459952
id22308,0.356328392,0.309794063,0.333877545
id06536,0.322992633,0.286799566,0.390207802
id19797,0.312668883,0.335133885,0.352197232
id06332,0.415546821,0.311682669,0.272770509
id22941,0.345792532,0.307562207,0.346645262
id13547,0.330924768,0.315068773,0.354006459
id06928,0.338364417,0.217095233,0.44454035
id12521,0.322065594,0.373610569,0.304323837
id25716,0.448028002,0.261561178,0.29041082
id27116,0.378651415,0.254634071,0.366714515
id19941,0.341878209,0.371698846,0.286422945
id05711,0.317732445,0.277255477,0.405012078
id02097,0.321223929,0.303831527,0.374944545
id03563,0.355908432,0.375456939,0.268634629
id02295,0.341747187,0.295787008,0.362465805
id08179,0.418738604,0.294814822,0.286446575
id05332,0.353371931,0.336992787,0.309635283
id15697,0.379960392,0.291160889,0.328878719
id17026,0.392857887,0.212032604,0.395109509
id04243,0.380485807,0.308215313,0.311298879
id13175,0.503707131,0.245717091,0.250575778
id05387,0.412976932,0.275017972,0.312005096
id19989,0.393680839,0.29682194,0.309497222
id25173,0.355303699,0.279314221,0.36538208
id08925,0.36810639,0.391450782,0.240442828
id03034,0.329194364,0.373795693,0.297009943
id13272,0.307417279,0.43189322,0.260689501
id07956,0.404798641,0.255754505,0.339446853
id02648,0.294357864,0.182178932,0.523463203
id01778,0.36937422,0.266044026,0.364581753
id12846,0.347744007,0.229703126,0.422552867
id19001,0.362461242,0.279491778,0.35804698
id05763,0.383361004,0.300856148,0.315782849
id15590,0.328383038,0.261813146,0.409803816
id04912,0.381012379,0.28496422,0.3340234
id21201,0.415817128,0.299890044,0.284292827
id13215,0.49291064,0.205695216,0.301394143
id15612,0.356959088,0.351019073,0.292021839
id18501,0.380109325,0.301557676,0.318332999
id07223,0.35374133,0.357993116,0.288265554
id06707,0.335318432,0.29297551,0.371706059
id05238,0.30827175,0.417070925,0.274657325
id00935,0.330079876,0.298117124,0.371803
id00110,0.378050612,0.258668305,0.363281083
id17476,0.422712778,0.280858961,0.29642826
id15170,0.466780542,0.270003594,0.263215864
id13397,0.349098604,0.274737576,0.376163819
id24283,0.376125914,0.309788427,0.314085659
id15234,0.435044432,0.288673113,0.276282455
id16884,0.338832855,0.350212412,0.310954734
id07831,0.389893742,0.310331396,0.299774862
id16038,0.445119175,0.279206238,0.275674587
id03629,0.435126514,0.263707607,0.30116588
id21019,0.422075143,0.343895128,0.234029728
id21835,0.346240699,0.343892087,0.309867213
id04480,0.378544467,0.391426502,0.230029031
id20838,0.417416638,0.31011676,0.272466602
id24195,0.435864927,0.314553169,0.249581904
id05448,0.402602989,0.310684724,0.286712288
id15957,0.320855988,0.397087619,0.282056393
id19956,0.316758538,0.219098722,0.464142741
id15104,0.307487912,0.299677127,0.392834961
id17559,0.463974411,0.285320979,0.25070461
id16839,0.368095173,0.270519709,0.361385118
id14493,0.393644103,0.263031315,0.343324583
id08833,0.387578208,0.272368988,0.340052804
id15723,0.385701873,0.20130529,0.412992837
id02716,0.420494946,0.267729449,0.311775604
id06689,0.34078739,0.3897329,0.269479709
id18837,0.355846711,0.27864908,0.36550421
id04466,0.440228901,0.293024881,0.266746218
id00686,0.406306473,0.280478498,0.313215029
id09010,0.373010043,0.375336539,0.251653418
id23353,0.4850914,0.242909609,0.271998991
id00066,0.370849759,0.294900569,0.334249672
id15724,0.321693279,0.385648951,0.29265777
id23486,0.344918738,0.291036619,0.364044642
id22258,0.342973448,0.28470564,0.372320913
id02292,0.432911711,0.262843877,0.304244411
id16356,0.359468591,0.267363466,0.373167942
id00235,0.403899001,0.270981897,0.325119103
id25522,0.353858553,0.269104625,0.377036822
id04204,0.394504154,0.29896726,0.306528586
id22016,0.357465379,0.248342772,0.394191849
id06480,0.342078157,0.357592229,0.300329614
id08718,0.361074356,0.254788061,0.384137583
id05251,0.31832155,0.429077984,0.252600467
id03359,0.366281136,0.339180828,0.294538036
id16117,0.364544788,0.251697168,0.383758045
id17000,0.281198646,0.490696021,0.228105333
id01730,0.36323949,0.344043694,0.292716816
id00630,0.388753148,0.305010162,0.30623669
id18175,0.368406217,0.200382863,0.431210921
id00907,0.422102314,0.274268905,0.303628781
id18251,0.32464562,0.428981105,0.246373275
id25861,0.373845723,0.283917692,0.342236585
id00398,0.366007465,0.362607701,0.271384834
id27573,0.425619084,0.265939616,0.3084413
id10022,0.335064738,0.355298264,0.309636998
id15901,0.358813114,0.236922693,0.404264193
id00451,0.336191819,0.268693869,0.395114312
id23129,0.325846662,0.363924963,0.310228375
id26498,0.369668975,0.339207046,0.291123979
id14741,0.389624798,0.315595667,0.294779535
id18453,0.347475248,0.254078729,0.398446022
id08309,0.402864898,0.285380216,0.311754886
id00320,0.468980265,0.259015655,0.27200408
id07688,0.362265961,0.287948223,0.349785816
id01556,0.308632334,0.266049185,0.425318481
id00178,0.364378565,0.267853372,0.367768063
id18902,0.349418787,0.265533776,0.385047437
id27002,0.346440307,0.459976946,0.193582747
id21418,0.510047775,0.244501378,0.245450847
id23018,0.370640258,0.278286466,0.351073276
id07032,0.36054752,0.289954692,0.349497787
id16195,0.410535408,0.266065771,0.323398821
id11202,0.29628434,0.432342161,0.271373499
id09578,0.404974977,0.258342637,0.336682386
id26984,0.397248378,0.178588261,0.424163361
id19856,0.332238258,0.393271481,0.274490262
id12086,0.394678182,0.245137576,0.360184241
id12052,0.290190569,0.214834864,0.494974567
id17728,0.321073028,0.293209497,0.385717476
id24608,0.360499236,0.272420179,0.367080585
id21097,0.361354628,0.274305314,0.364340058
id20179,0.330671518,0.264946889,0.404381593
id15144,0.360054785,0.280908226,0.359036988
id00206,0.376819854,0.302402987,0.320777159
id22285,0.377508394,0.27170401,0.350787596
id06417,0.330736608,0.324797491,0.344465901
id00215,0.33662057,0.408900362,0.254479068
id04201,0.394350203,0.245030317,0.360619479
id21771,0.480768593,0.250211578,0.269019828
id12451,0.329858928,0.348022438,0.322118634
id14250,0.340898849,0.324794081,0.33430707
id03433,0.35277168,0.342190414,0.305037907
id03303,0.371260312,0.251238015,0.377501673
id25901,0.315672912,0.33938257,0.344944518
id06945,0.377917252,0.262003627,0.360079121
id05664,0.390882865,0.288215076,0.320902059
id05741,0.452627842,0.256213955,0.291158203
id10652,0.433665806,0.299863818,0.266470376
id16300,0.405410149,0.288748547,0.305841303
id12319,0.385032625,0.261598268,0.353369107
id07500,0.349564952,0.39489928,0.255535767
id12478,0.342287288,0.314475397,0.343237315
id03076,0.352295874,0.225052278,0.422651848
id00969,0.366763015,0.325116258,0.308120727
id23636,0.279449419,0.437763867,0.282786715
id09791,0.37598066,0.269583644,0.354435697
id05680,0.360167699,0.327201319,0.312630982
id03672,0.327296223,0.378256141,0.294447637
id04286,0.296535727,0.369270089,0.334194184
id23883,0.318525424,0.334297214,0.347177362
id11914,0.419712245,0.23715247,0.343135285
id20974,0.368132251,0.324377108,0.307490641
id26125,0.369475669,0.222843222,0.407681109
id15543,0.376951211,0.275945512,0.347103278
id19471,0.421192411,0.272816646,0.305990943
id11503,0.369200739,0.322882541,0.307916719
id09321,0.316457915,0.365750433,0.317791652
id25560,0.30359196,0.271563506,0.424844534
id06726,0.372476492,0.299595253,0.327928255
id05709,0.444653549,0.235909268,0.319437183
id09788,0.291756951,0.365275726,0.342967323
id05289,0.440428472,0.280081585,0.279489943
id11815,0.350333467,0.375326028,0.274340505
id22422,0.355613332,0.292910773,0.351475895
id25954,0.429367725,0.255324338,0.315307937
id13601,0.417180932,0.313357265,0.269461804
id05677,0.409208837,0.263210792,0.327580371
id10498,0.432971494,0.328877299,0.238151207
id02665,0.399118912,0.315802568,0.28507852
id10114,0.347971131,0.332910609,0.31911826
id26314,0.407886015,0.303255389,0.288858597
id21240,0.356495467,0.293819456,0.349685077
id15569,0.427535344,0.284448465,0.288016191
id25928,0.340410573,0.2964969,0.363092527
id22706,0.370889084,0.389073885,0.240037031
id20877,0.301167879,0.375195847,0.323636274
id04318,0.33588536,0.317999225,0.346115415
id18299,0.36033145,0.323831391,0.315837159
id08126,0.354466134,0.258939192,0.386594674
id14293,0.399171798,0.255575979,0.345252223
id12759,0.437219663,0.232142094,0.330638243
id11983,0.379354545,0.310563049,0.310082406
id05580,0.346186566,0.351080194,0.30273324
id25846,0.343582569,0.365890668,0.290526763
id01939,0.365875973,0.280272869,0.353851158
id26327,0.271250685,0.368367058,0.360382256
id11068,0.307038832,0.224036647,0.468924521
id08404,0.427941311,0.274084812,0.297973877
id27189,0.404133493,0.315747745,0.280118763
id15119,0.347143892,0.339507182,0.313348926
id26525,0.488924571,0.199725014,0.311350414
id03618,0.421654208,0.312812772,0.26553302
id27220,0.40416479,0.286212025,0.309623186
id18777,0.291833442,0.247973105,0.460193453
id20213,0.441496305,0.25084602,0.307657675
id20403,0.398817124,0.288616748,0.312566129
id03777,0.358810042,0.305441968,0.335747989
id10595,0.347280665,0.372704906,0.28001443
id13816,0.366868091,0.2927156,0.340416309
id05667,0.354799323,0.263945387,0.381255291
id24629,0.396053016,0.286833894,0.317113091
id20398,0.333622891,0.289521626,0.376855483
id14108,0.337487557,0.243765599,0.418746844
id06196,0.3274119,0.396667387,0.275920713
id02800,0.344728745,0.325793176,0.329478079
id18732,0.3604702,0.353784528,0.285745272
id11915,0.315016897,0.381065691,0.303917412
id09739,0.40395274,0.284361701,0.31168556
id24672,0.415152951,0.26289566,0.32195139
id00414,0.296097302,0.299946694,0.403956005
id16307,0.42587197,0.273937225,0.300190805
id14043,0.317040848,0.264080206,0.418878946
id00517,0.287681598,0.255978572,0.45633983
id09744,0.423819175,0.283184002,0.292996823
id19257,0.437700462,0.274061766,0.288237772
id15437,0.369567082,0.340049877,0.290383041
id16352,0.328375082,0.267330036,0.404294882
id18849,0.403285894,0.316524947,0.280189159
id19434,0.296608861,0.428745434,0.274645705
id17928,0.355311004,0.263263397,0.381425599
id16896,0.356187645,0.237801776,0.406010579
id02135,0.31835104,0.312510328,0.369138632
id15075,0.418973386,0.289306414,0.2917202
id27486,0.366223732,0.357296767,0.276479501
id19422,0.443658968,0.273861867,0.282479166
id09603,0.29558105,0.431815473,0.272603477
id02133,0.355553363,0.375012258,0.269434379
id03441,0.38481312,0.265638499,0.349548381
id02398,0.308883101,0.476761407,0.214355492
id05152,0.399863465,0.24659103,0.353545505
id17838,0.357017308,0.246480071,0.396502621
id25060,0.450821888,0.269530852,0.279647261
id09998,0.375620178,0.280309853,0.344069969
id01828,0.333809932,0.363757708,0.30243236
id25377,0.388613414,0.311659107,0.299727479
id22175,0.338005668,0.388716044,0.273278288
id02974,0.342437505,0.261314447,0.396248048
id26955,0.448886062,0.277049001,0.274064937
id21091,0.38439571,0.270191696,0.345412594
id12802,0.504540828,0.268014401,0.227444771
id07432,0.331013245,0.391732531,0.277254224
id18749,0.338343716,0.351667084,0.3099892
id15030,0.309791883,0.267885581,0.422322536
id17155,0.334392451,0.372657946,0.292949603
id08128,0.324088405,0.363942571,0.311969024
id25706,0.291124608,0.396003668,0.312871724
id15645,0.468069483,0.259962462,0.271968055
id04943,0.400798077,0.302073622,0.297128301
id27566,0.349139952,0.302342157,0.348517891
id11765,0.356182777,0.325034702,0.318782521
id13783,0.345505705,0.31584179,0.338652505
id00492,0.339302579,0.213624225,0.447073195
id27636,0.351159073,0.289258522,0.359582405
id04273,0.393746152,0.292649907,0.313603941
id02537,0.302923001,0.322586388,0.374490612
id24349,0.356100825,0.354226298,0.289672877
id00023,0.291574009,0.41265386,0.295772131
id23025,0.37160344,0.299676362,0.328720198
id08722,0.421955488,0.263376394,0.314668119
id02420,0.487798289,0.27385499,0.238346721
id10811,0.444758602,0.263735324,0.291506074
id04019,0.354279707,0.280680738,0.365039555
id18334,0.541072589,0.23676337,0.222164041
id16781,0.484413883,0.284086444,0.231499673
id08773,0.36872811,0.374147388,0.257124502
id19214,0.428144161,0.277597383,0.294258456
id09589,0.261386488,0.440260778,0.298352734
id24246,0.397392018,0.289915663,0.312692319
id23577,0.459778023,0.303906108,0.236315869
id09305,0.366293532,0.288557214,0.345149254
id16460,0.376466842,0.308387459,0.315145699
id21115,0.395490212,0.309886144,0.294623644
id25996,0.409710352,0.22353156,0.366758088
id02551,0.281969214,0.298089501,0.419941286
id19352,0.340504278,0.262253312,0.39724241
id03806,0.362543829,0.253050075,0.384406096
id26544,0.400631488,0.283258377,0.316110135
id18761,0.371206719,0.305796816,0.322996465
id24148,0.373320147,0.37583254,0.250847312
id16095,0.304788877,0.390525947,0.304685175
id18442,0.373847488,0.30900285,0.317149661
id22596,0.339247732,0.235865028,0.42488724
id23002,0.265575157,0.301227649,0.433197194
id04797,0.470767799,0.264683782,0.264548419
id06610,0.353849889,0.280403345,0.365746766
id16173,0.382013081,0.354594526,0.263392393
id18292,0.337419225,0.276374332,0.386206442
id27328,0.511667491,0.223104449,0.265228059
id01695,0.350718054,0.369421075,0.279860872
id05761,0.390071593,0.23119649,0.378731917
id16354,0.415725332,0.257232087,0.327042581
id12207,0.255924935,0.306375422,0.437699643
id05665,0.368414507,0.269396255,0.362189238
id01911,0.473279707,0.280513553,0.246206741
id19153,0.361573007,0.275639013,0.36278798
id10295,0.362447415,0.338078116,0.299474469
id23038,0.416776071,0.303865874,0.279358055
id23783,0.381777691,0.35924951,0.258972799
id27879,0.418172402,0.302142929,0.279684669
id19190,0.242379294,0.551925382,0.205695324
id05065,0.467879955,0.262533198,0.269586847
id21296,0.321126823,0.403270597,0.27560258
id13262,0.351656067,0.28160799,0.366735943
id10333,0.442384259,0.270174483,0.287441258
id16677,0.36889756,0.310925541,0.320176898
id01392,0.395202844,0.23141373,0.373383426
id27874,0.43564814,0.289416199,0.27493566
id02294,0.243285696,0.443597137,0.313117167
id18298,0.307995383,0.322600843,0.369403775
id06997,0.428408561,0.278321374,0.293270065
id05243,0.317193916,0.375067557,0.307738527
id00860,0.348137777,0.347680612,0.304181611
id26681,0.356658776,0.309518458,0.333822766
id06020,0.356706971,0.254891183,0.388401846
id27683,0.383603154,0.324287578,0.292109268
id17655,0.33366183,0.418683598,0.247654571
id08817,0.354915574,0.25528885,0.389795576
id11512,0.285198583,0.292158009,0.422643408
id00478,0.383746542,0.240871923,0.375381535
id02116,0.41288995,0.292410007,0.294700042
id06746,0.457266124,0.263407844,0.279326031
id03863,0.360639502,0.291124006,0.348236492
id01802,0.336574155,0.380586318,0.282839526
id11682,0.387691258,0.252891424,0.359417318
id04033,0.352561796,0.341779127,0.305659077
id09286,0.349475962,0.29727665,0.353247388
id12904,0.460382221,0.261060629,0.27855715
id07420,0.333051183,0.278788042,0.388160775
id22398,0.297300484,0.415123975,0.287575541
id00424,0.373829075,0.262453604,0.363717321
id20960,0.464738481,0.275959082,0.259302437
id10267,0.348129643,0.358705127,0.293165231
id19330,0.381229029,0.27080613,0.34796484
id00994,0.276660065,0.476362497,0.246977438
id10785,0.406885309,0.301253002,0.291861689
id00955,0.289377793,0.430310003,0.280312204
id09757,0.310820968,0.407170145,0.282008887
id10030,0.306206009,0.27359462,0.420199371
id22952,0.370486899,0.315660104,0.313852997
id21955,0.322922277,0.261515941,0.415561781
id07674,0.393231921,0.275572002,0.331196077
id13760,0.334011149,0.423714422,0.242274429
id18166,0.404878089,0.271000391,0.324121519
id23498,0.373523607,0.367303935,0.259172458
id05296,0.441922412,0.236127102,0.321950486
id26709,0.431094799,0.28483123,0.284073972
id02853,0.425448987,0.280117856,0.294433158
id06800,0.34085033,0.353209048,0.305940621
id14758,0.370985201,0.318676968,0.310337831
id12356,0.419026984,0.28489639,0.296076626
id21492,0.408464615,0.289890712,0.301644674
id27540,0.409471889,0.246413226,0.344114885
id07376,0.354169866,0.303430136,0.342399998
id15201,0.405818935,0.334657458,0.259523608
id23388,0.325736383,0.381269866,0.292993751
id13923,0.348654711,0.352225458,0.299119831
id00794,0.30827397,0.418226063,0.273499966
id23910,0.360484185,0.296131296,0.343384519
id02556,0.318034075,0.293010672,0.388955253
id22151,0.32749579,0.418554561,0.253949649
id11698,0.232295553,0.532936878,0.234767568
id11627,0.383089244,0.267121214,0.349789542
id06340,0.503797193,0.241763892,0.254438915
id05123,0.469679855,0.284905625,0.245414521
id26620,0.307632305,0.208534174,0.483833521
id04002,0.348634384,0.306799605,0.344566012
id26554,0.329210197,0.311608197,0.359181607
id18012,0.328306604,0.327149541,0.344543855
id12964,0.326208748,0.2160337,0.457757552
id18965,0.303391927,0.373008427,0.323599646
id19082,0.362903279,0.242701393,0.394395328
id26742,0.349471142,0.246631253,0.403897605
id15442,0.318705267,0.3902798,0.291014933
id16647,0.382524736,0.270154048,0.347321216
id11544,0.325375007,0.279312432,0.395312561
id20581,0.294854268,0.319174533,0.385971199
id13192,0.340678211,0.362120708,0.297201081
id15814,0.305921809,0.310707239,0.383370952
id26279,0.352642529,0.390186128,0.257171343
id00240,0.403024183,0.280161376,0.316814441
id22836,0.4507802,0.28091031,0.268309491
id15085,0.325124165,0.360127051,0.314748784
id17495,0.331050103,0.260447924,0.408501973
id26762,0.352724504,0.291248658,0.356026838
id13685,0.414921239,0.261242709,0.323836052
id16560,0.343938264,0.394592205,0.261469531
id17184,0.313993877,0.394692818,0.291313305
id21635,0.421057343,0.273763815,0.305178843
id26751,0.351567856,0.319329144,0.329103
id12351,0.412961502,0.270699104,0.316339394
id14872,0.393061146,0.322592983,0.284345871
id18372,0.407951793,0.300236601,0.291811606
id26851,0.412930584,0.281496975,0.305572441
id22659,0.375889076,0.346972524,0.277138401
id04102,0.362667541,0.278057837,0.359274622
id02353,0.323741256,0.396907217,0.279351527
id26721,0.426143835,0.291449368,0.282406797
id11171,0.383855215,0.292402676,0.323742108
id13562,0.360917712,0.315432556,0.323649732
id26425,0.416830422,0.249812467,0.333357111
id26394,0.350834421,0.297082194,0.352083385
id22187,0.403022121,0.301657985,0.295319894
id00422,0.458669644,0.261923831,0.279406526
id22667,0.353478141,0.395389991,0.251131868
id00911,0.389727077,0.253905297,0.356367626
id17291,0.379159474,0.249623748,0.371216778
id01915,0.359017649,0.304201498,0.336780853
id01434,0.346630682,0.291837445,0.361531873
id01584,0.360834746,0.264962645,0.374202609
id09266,0.416289762,0.264990237,0.318720001
id17494,0.307206212,0.433671633,0.259122154
id24919,0.32128154,0.336685522,0.342032937
id21043,0.378933453,0.253478172,0.367588375
id17796,0.344430907,0.411209688,0.244359405
id02166,0.39715071,0.261056386,0.341792904
id17503,0.433358712,0.226945389,0.339695898
id21203,0.267979296,0.242226571,0.489794133
id25626,0.426250874,0.265625741,0.308123384
id09836,0.438016057,0.325520154,0.23646379
id24202,0.32094706,0.279296328,0.399756611
id27260,0.395405732,0.256824863,0.347769405
id23167,0.322864337,0.250805288,0.426330375
id10393,0.331114399,0.407556063,0.261329539
id01171,0.458379354,0.276921186,0.26469946
id06380,0.396864239,0.288067029,0.315068732
id22686,0.379193171,0.2520106,0.368796229
id26250,0.387329502,0.251043034,0.361627464
id09315,0.346737391,0.371416653,0.281845956
id00886,0.322528916,0.403003579,0.274467504
id03101,0.418547943,0.295180218,0.286271839
id12367,0.386069283,0.290131657,0.32379906
id10770,0.47296895,0.251351192,0.275679858
id14949,0.338328015,0.45178313,0.209888856
id14141,0.400258067,0.349862925,0.249879008
id25417,0.382209449,0.320696678,0.297093873
id26873,0.409871276,0.290182477,0.299946246
id10818,0.351420415,0.276814565,0.37176502
id15146,0.423306809,0.268178073,0.308515118
id23328,0.407302457,0.290925385,0.301772158
id16765,0.378136117,0.294730312,0.32713357
id24383,0.415851888,0.237887757,0.346260355
id21304,0.399173268,0.305283255,0.295543478
id12551,0.333415914,0.38207717,0.284506916
id23274,0.346899308,0.29379412,0.359306572
id08117,0.416208828,0.271396245,0.312394927
id23961,0.403700359,0.280324089,0.315975552
id13865,0.342661785,0.372625923,0.284712292
id22807,0.36130995,0.272904777,0.365785273
id08951,0.260523298,0.238055133,0.50142157
id18684,0.502374248,0.233526692,0.26409906
id25179,0.329065278,0.358401078,0.312533644
id27033,0.40447314,0.275386482,0.320140378
id13977,0.371941227,0.298027258,0.330031515
id19337,0.304324326,0.381269213,0.314406461
id25764,0.36450923,0.335003985,0.300486786
id16106,0.37419846,0.305206119,0.320595421
id05468,0.359030077,0.24756245,0.393407473
id05241,0.402507965,0.286298598,0.311193437
id10215,0.393849161,0.271854016,0.334296824
id23457,0.332506582,0.274105765,0.393387653
id02200,0.403770545,0.29180769,0.304421764
id13714,0.352488536,0.340418319,0.307093145
id20332,0.320729694,0.249972607,0.429297699
id18573,0.34490192,0.320781978,0.334316102
id08569,0.42762346,0.2591746,0.31320194
id22767,0.399302928,0.294864727,0.305832345
id25390,0.325875073,0.381461468,0.292663459
id09288,0.43510027,0.258874514,0.306025217
id12381,0.449943775,0.281051237,0.269004988
id02895,0.357394617,0.286687456,0.355917927
id25270,0.348836663,0.274015235,0.377148103
id14248,0.318993217,0.258397696,0.422609087
id12831,0.448180236,0.249287024,0.30253274
id18305,0.368851607,0.30066677,0.330481623
id07805,0.459403269,0.261509278,0.279087453
id14027,0.382568326,0.295486576,0.321945099
id02760,0.419245303,0.262225967,0.31852873
id24362,0.443094236,0.303928478,0.252977286
id17065,0.370645341,0.370839308,0.258515351
id26583,0.337487325,0.342638847,0.319873828
id19664,0.425464451,0.29884838,0.275687169
id25145,0.397319394,0.294228776,0.30845183
id17858,0.344890885,0.393141313,0.261967802
id05148,0.349122359,0.349056631,0.30182101
id22928,0.407989504,0.298351579,0.293658918
id21549,0.396713099,0.244346668,0.358940233
id12649,0.352749004,0.401162491,0.246088505
id21597,0.452878155,0.259387185,0.28773466
id27945,0.407054275,0.311805377,0.281140348
id00243,0.464475988,0.235945857,0.299578155
id02745,0.411441103,0.309068224,0.279490672
id23550,0.335583018,0.273714626,0.390702356
id13023,0.423929459,0.230203092,0.345867449
id24796,0.353923752,0.265783364,0.380292884
id12284,0.338178773,0.368578617,0.29324261
id02664,0.2857605,0.39554838,0.318691119
id23767,0.412246432,0.290857043,0.296896525
id05859,0.318975337,0.36623983,0.314784833
id14350,0.368156586,0.331032455,0.300810958
id01191,0.360044878,0.336924755,0.303030367
id17034,0.420838213,0.294792474,0.284369313
id25292,0.422761959,0.271098406,0.306139635
id22121,0.429739668,0.281850436,0.288409896
id20872,0.548882598,0.216033014,0.235084387
id17720,0.33771616,0.389100206,0.273183634
id22658,0.339954266,0.408337487,0.251708247
id09567,0.332530048,0.335814546,0.331655406
id16445,0.414376211,0.260003717,0.325620072
id08349,0.336186282,0.327764757,0.336048962
id27437,0.312502291,0.354591064,0.332906645
id03812,0.427300963,0.276527577,0.29617146
id22304,0.4652297,0.293758431,0.241011869
id04449,0.388061013,0.315842,0.296096986
id15605,0.362372262,0.319909806,0.317717933
id01768,0.379621996,0.291139658,0.329238346
id20019,0.375391981,0.32428676,0.30032126
id09593,0.320840843,0.382816721,0.296342435
id23179,0.365254992,0.27010115,0.364643858
id21279,0.427353019,0.279799596,0.292847386
id06711,0.351990144,0.255249468,0.392760388
id14243,0.309306207,0.398317257,0.292376536
id04839,0.334907229,0.33574283,0.329349941
id17220,0.314008347,0.3851503,0.300841353
id24177,0.411811455,0.288180624,0.30000792
id20512,0.365967772,0.257997349,0.376034878
id14036,0.300760707,0.43946826,0.259771033
id25001,0.358012672,0.28860248,0.353384848
id06175,0.346158127,0.374194067,0.279647806
id24720,0.355782851,0.382008371,0.262208778
id08070,0.365896051,0.327965258,0.306138691
id18934,0.427812722,0.303481306,0.268705972
id01338,0.427377254,0.254591756,0.318030989
id19008,0.318506154,0.39282258,0.288671266
id19632,0.346813788,0.34177794,0.311408272
id26224,0.338028869,0.299869398,0.362101733
id08219,0.475705889,0.241625415,0.282668696
id24008,0.309035073,0.253400825,0.437564102
id12475,0.370139246,0.329052791,0.300807963
id05766,0.401148772,0.311027361,0.287823867
id27386,0.261108955,0.470526052,0.268364992
id12476,0.342053117,0.386656947,0.271289936
id08311,0.403703776,0.310031434,0.286264791
id04996,0.458612563,0.273896808,0.267490629
id17350,0.376848676,0.30924018,0.313911144
id05546,0.328484174,0.392408286,0.27910754
id16504,0.342248147,0.346798027,0.310953826
id05782,0.283413623,0.236585919,0.480000458
id20560,0.408486675,0.288355221,0.303158103
id14171,0.319633806,0.256000208,0.424365986
id27461,0.338108468,0.241334449,0.420557083
id03581,0.340337869,0.270926734,0.388735397
id21847,0.365284525,0.307688695,0.32702678
id11712,0.398889821,0.304151078,0.296959101
id26738,0.315339602,0.257501193,0.427159205
id13668,0.428105079,0.290542897,0.281352025
id15114,0.439086727,0.251450591,0.309462682
id20130,0.377847926,0.272607187,0.349544886
id18331,0.374442922,0.288108077,0.337449001
id24465,0.491617724,0.267417129,0.240965146
id13539,0.410673863,0.312103657,0.27722248
id27564,0.321373045,0.360588059,0.318038895
id26043,0.383830229,0.270316899,0.345852871
id04965,0.151651652,0.16966967,0.678678679
id08645,0.326819718,0.2865296,0.386650682
id26610,0.359044612,0.268702244,0.372253144
id21737,0.351050827,0.381125866,0.267823308
id25784,0.284821869,0.447449981,0.26772815
id23030,0.387447827,0.286191853,0.32636032
id16450,0.321774141,0.379375279,0.29885058
id02161,0.404298792,0.278946173,0.316755034
id25535,0.427778708,0.2548885,0.317332792
id16566,0.425398484,0.238634667,0.335966849
id05714,0.417252492,0.294274442,0.288473066
id16524,0.360832161,0.35115172,0.288016119
id23941,0.271691347,0.427377969,0.300930684
id00831,0.30441391,0.31901829,0.3765678
id18145,0.366183319,0.286309878,0.347506803
id17227,0.514529684,0.217269961,0.268200355
id09417,0.388482186,0.256683677,0.354834137
id21307,0.36050605,0.302646852,0.336847098
id05650,0.326775529,0.433687967,0.239536504
id23901,0.434845327,0.248943397,0.316211276
id05831,0.424517559,0.249843109,0.325639332
id16708,0.31000867,0.387482964,0.302508366
id02281,0.28386651,0.290034588,0.426098902
id11599,0.388376154,0.303887395,0.307736451
id18353,0.336820026,0.311679217,0.351500758
id07413,0.364512733,0.32949604,0.305991227
id15653,0.350292078,0.36812122,0.281586702
id09715,0.35974837,0.253342692,0.386908938
id05108,0.327035227,0.425617554,0.247347219
id09537,0.404207761,0.248104486,0.347687753
id27596,0.470337176,0.2681456,0.261517224
id24255,0.341717905,0.234137858,0.424144237
id05080,0.293831247,0.23834943,0.467819322
id09484,0.388652736,0.285119726,0.326227538
id14864,0.36290854,0.210988265,0.426103196
id26836,0.405796922,0.242616049,0.351587029
id07003,0.416274017,0.329038225,0.254687758
id13750,0.228770717,0.559968613,0.211260669
id21799,0.322638431,0.316144777,0.361216792
id11285,0.469120316,0.260009733,0.270869952
id04735,0.47132348,0.269881696,0.258794824
id23049,0.314526505,0.296156341,0.389317154
id05826,0.346687274,0.36228669,0.291026036
id17916,0.381567748,0.324962128,0.293470124
id14081,0.376653039,0.221991649,0.401355312
id10527,0.354823937,0.233179016,0.411997047
id16059,0.306827541,0.395669624,0.297502835
id25542,0.418475988,0.314468517,0.267055495
id05402,0.29457448,0.275605982,0.429819538
id01927,0.417882156,0.2792468,0.302871044
id27656,0.409315927,0.257339575,0.333344498
id06708,0.328420269,0.311946649,0.359633082
id03524,0.333185631,0.342974321,0.323840048
id12297,0.418427449,0.246574056,0.334998495
id03439,0.41327396,0.296401598,0.290324442
id04587,0.315108268,0.419388827,0.265502905
id25470,0.36149148,0.406988506,0.231520014
id01212,0.361084062,0.395706963,0.243208975
id13932,0.364844049,0.354236956,0.280918995
id00124,0.348583992,0.264959561,0.386456446
id01592,0.419254246,0.273028212,0.307717542
id13461,0.391299488,0.302171257,0.306529255
id24681,0.309741543,0.276404561,0.413853896
id23245,0.385850658,0.261033919,0.353115423
id14073,0.349600284,0.30077352,0.349626196
id05172,0.443667986,0.233737081,0.322594933
id21979,0.396283353,0.271882677,0.33183397
id00328,0.406243338,0.237554865,0.356201797
id26102,0.406957161,0.335348793,0.257694046
id14867,0.328890024,0.310613229,0.360496747
id27544,0.359187211,0.360344219,0.28046857
id16228,0.398476383,0.295519425,0.306004192
id16342,0.382118142,0.312998473,0.304883385
id24933,0.462585306,0.265041952,0.272372742
id04601,0.387026124,0.305796515,0.30717736
id01599,0.312125155,0.388476144,0.299398701
id06238,0.369146349,0.321172445,0.309681205
id06826,0.357580507,0.320597244,0.321822249
id23307,0.406897075,0.323910911,0.269192014
id13575,0.44042566,0.284484252,0.275090088
id24174,0.365711844,0.277958836,0.35632932
id19534,0.281782178,0.248803273,0.46941455
id19602,0.389378605,0.266297426,0.34432397
id26962,0.325868545,0.388970674,0.285160781
id04448,0.411921289,0.288518074,0.299560637
id09786,0.349676365,0.380988784,0.269334851
id25240,0.386713921,0.320535798,0.29275028
id14893,0.42379164,0.31783352,0.25837484
id24221,0.371132373,0.342208636,0.286658991
id04696,0.373153256,0.251897458,0.374949286
id15153,0.355543556,0.32634542,0.318111023
id13882,0.298968766,0.432471061,0.268560173
id17836,0.297780801,0.389933055,0.312286144
id00574,0.360858073,0.345651536,0.293490392
id02078,0.312394923,0.358353172,0.329251905
id21206,0.362257909,0.386509093,0.251232998
id20084,0.354051388,0.28263031,0.363318302
id26598,0.34890893,0.255011106,0.396079964
id06838,0.357772937,0.26723653,0.374990532
id08786,0.351394742,0.276791416,0.371813842
id09550,0.342222233,0.289331394,0.368446372
id10206,0.453611249,0.265729448,0.280659303
id21113,0.393961807,0.293117238,0.312920954
id21151,0.37575879,0.376718771,0.247522439
id02692,0.418373013,0.287900333,0.293726654
id26446,0.408517738,0.259348494,0.332133768
id07377,0.381598044,0.332349143,0.286052813
id15998,0.464435681,0.271275682,0.264288637
id19637,0.387845646,0.288375609,0.323778745
id19735,0.312135529,0.377405441,0.310459029
id13739,0.362984031,0.279948002,0.357067967
id25175,0.384286029,0.282068225,0.333645746
id00563,0.302212541,0.344043643,0.353743816
id09982,0.392393619,0.246417287,0.361189094
id15459,0.303438612,0.462852048,0.233709341
id20785,0.353977055,0.225274327,0.420748617
id07145,0.304440519,0.3453363,0.350223181
id22204,0.363337304,0.32664735,0.310015346
id09285,0.443978507,0.238752425,0.317269069
id18157,0.327789682,0.221129779,0.45108054
id12134,0.315676513,0.314020761,0.370302727
id23914,0.455804488,0.261377771,0.28281774
id10483,0.525901479,0.25035084,0.223747681
id07092,0.429606421,0.270083023,0.300310556
id14786,0.347378566,0.320193459,0.332427975
id25741,0.396606426,0.273088859,0.330304715
id09050,0.386844943,0.338621287,0.27453377
id04938,0.384850709,0.302901516,0.312247775
id05901,0.376351523,0.298998653,0.324649824
id16975,0.341349973,0.382278228,0.276371798
id08547,0.339032847,0.258145134,0.402822019
id16355,0.390223254,0.255051206,0.35472554
id14568,0.418775082,0.205652833,0.375572085
id25599,0.300446047,0.353762851,0.345791102
id01670,0.325410791,0.4034968,0.27109241
id23945,0.364146132,0.394287948,0.241565921
id17394,0.308714992,0.268086757,0.423198252
id06501,0.341433971,0.378484467,0.280081563
id26234,0.315847683,0.441289204,0.242863114
id21280,0.363146482,0.241361135,0.395492382
id20048,0.270167782,0.317543217,0.412289001
id01216,0.313525873,0.392053467,0.29442066
id25320,0.434770382,0.218970911,0.346258706
id22833,0.353830129,0.300997911,0.345171959
id22056,0.308077917,0.393586613,0.29833547
id02275,0.289292837,0.372881908,0.337825255
id26127,0.383755589,0.260970303,0.355274108
id17011,0.347976358,0.39196879,0.260054852
id13847,0.372510967,0.296624806,0.330864227
id00013,0.302771105,0.440073427,0.257155468
id16463,0.423079382,0.265693702,0.311226916
id04845,0.33017222,0.334408304,0.335419476
id01787,0.338230468,0.319361522,0.34240801
id08637,0.412670395,0.286549421,0.300780184
id11414,0.312579644,0.241951858,0.445468499
id13177,0.287268309,0.363332003,0.349399688
id24517,0.385192403,0.284127148,0.330680449
id26838,0.374936973,0.300990984,0.324072043
id23081,0.269387476,0.454964556,0.275647969
id16327,0.365645191,0.338327879,0.29602693
id27282,0.351772932,0.375429691,0.272797377
id07489,0.350826737,0.288059743,0.36111352
id01718,0.301309505,0.26835307,0.430337425
id15441,0.404571769,0.287325054,0.308103177
id27736,0.299329902,0.354289498,0.3463806
id16324,0.304765432,0.315166985,0.380067583
id12027,0.334245144,0.30118871,0.364566146
id24653,0.356942803,0.411992433,0.231064764
id17541,0.336555287,0.27257405,0.390870663
id22406,0.311571013,0.376156788,0.312272199
id18356,0.412656535,0.309195815,0.278147651
id04505,0.32794927,0.349904283,0.322146447
id04246,0.313737948,0.350536275,0.335725777
id07368,0.371811325,0.308966326,0.31922235
id26185,0.338287805,0.264431109,0.397281086
id08878,0.34032206,0.318402283,0.341275657
id27691,0.286699394,0.26654287,0.446757736
id18004,0.360621326,0.316720966,0.322657707
id24426,0.399099883,0.28710753,0.313792586
id14164,0.459577882,0.278576661,0.261845456
id12653,0.268580995,0.423259105,0.3081599
id18060,0.398658352,0.281712734,0.319628914
id18556,0.395057545,0.284008791,0.320933664
id27371,0.339180779,0.308924809,0.351894411
id11989,0.301062937,0.351008887,0.347928176
id26095,0.450447742,0.295148042,0.254404216
id24978,0.394323131,0.293777466,0.311899403
id20322,0.343679624,0.322987616,0.333332759
id01954,0.460861294,0.283512947,0.255625758
id07434,0.376006485,0.257778425,0.366215089
id18144,0.331394046,0.267691999,0.400913955
id16250,0.3793767,0.338534507,0.282088793
id17793,0.319067332,0.314705385,0.366227283
id24067,0.35921483,0.258992489,0.381792681
id13891,0.378769427,0.220664824,0.400565749
id07334,0.283476633,0.40417143,0.312351937
id15633,0.289187868,0.383619176,0.327192956
id23239,0.394441571,0.288361036,0.317197393
id10674,0.350437439,0.307127991,0.34243457
id22093,0.41298601,0.272145851,0.314868138
id08444,0.348794273,0.321073762,0.330131965
