id,EAP,HPL,MWS
id02310,0.0262575,0.0040608,0.9696816
id24541,0.9999922,0.0000077,0.0000001
id00134,0.0115985,0.9882256,0.0001759
id27757,0.0383402,0.9616568,0.0000029
id04081,0.8509648,0.0152473,0.1337879
id27337,0.9815487,0.0184365,0.0000148
id24265,0.8742339,0.0090666,0.1166996
id25917,0.0008409,0.0001711,0.9989881
id04951,0.9998258,0.0001736,0.0000006
id14549,0.9398353,0.0145677,0.0455970
id22505,0.0018488,0.0111322,0.9870190
id24002,0.0000045,0.9999943,0.0000012
id18982,0.0012806,0.0008911,0.9978283
id15181,0.0020442,0.9969216,0.0010342
id21888,0.3288556,0.1718299,0.4993145
id12035,0.0022403,0.0004369,0.9973229
id17991,0.3721319,0.0024091,0.6254591
id10707,0.9999923,0.0000070,0.0000007
id07101,0.8958538,0.0140032,0.0901430
id00345,0.9657966,0.0289677,0.0052357
id05912,0.9897805,0.0009973,0.0092222
id13443,0.4142872,0.0532643,0.5324486
id09248,0.4374957,0.2763175,0.2861869
id17542,0.5430913,0.0565330,0.4003757
id06995,0.1451305,0.0011415,0.8537280
id25159,0.6816104,0.0019715,0.3164181
id25729,0.9585402,0.0317004,0.0097593
id26949,0.9810549,0.0120935,0.0068516
id27191,0.0017138,0.0000000,0.9982862
id07668,0.0953801,0.0000001,0.9046198
id02230,0.0047037,0.0009165,0.9943797
id15553,0.9999994,0.0000004,0.0000001
id25688,0.0000006,0.9999914,0.0000080
id17545,0.9792528,0.0073168,0.0134304
id13929,0.5148013,0.3154421,0.1697567
id12880,0.5645066,0.3585887,0.0769047
id19282,0.7943147,0.0723408,0.1333445
id14690,0.0397296,0.0413250,0.9189454
id17975,0.0240050,0.9674562,0.0085388
id08037,0.9999980,0.0000000,0.0000019
id15412,0.0276181,0.0025011,0.9698807
id25032,0.6465635,0.0962551,0.2571814
id27165,0.9997075,0.0001426,0.0001500
id03327,0.9605005,0.0372154,0.0022841
id18515,0.9976349,0.0015190,0.0008461
id21003,0.0602625,0.0712696,0.8684679
id23855,0.0000510,0.9538112,0.0461378
id20724,0.8431144,0.0642301,0.0926555
id13303,0.9242775,0.0261596,0.0495629
id16521,0.0008414,0.8488074,0.1503512
id20775,1.0000000,0.0000000,0.0000000
id13029,0.9996134,0.0001505,0.0002362
id14660,0.9437245,0.0367351,0.0195404
id11028,0.0012657,0.0000013,0.9987331
id14180,0.9980160,0.0016360,0.0003480
id25860,0.9999967,0.0000020,0.0000013
id11910,0.1322530,0.0000174,0.8677296
id08065,0.0374219,0.0192182,0.9433599
id22674,0.0038883,0.0000141,0.9960977
id25018,0.2988145,0.0004548,0.7007307
id10892,0.0000528,0.9999391,0.0000081
id10217,0.8167158,0.1832397,0.0000444
id12996,0.2831206,0.0260638,0.6908156
id18262,0.9963359,0.0000078,0.0036562
id08606,0.0000054,0.9999921,0.0000026
id17233,0.1868760,0.1254351,0.6876889
id00101,0.8317768,0.0400549,0.1281683
id12225,0.4487346,0.2191765,0.3320889
id01364,0.0105450,0.9873986,0.0020565
id24973,0.4441751,0.0003178,0.5555071
id25363,0.3033216,0.0000000,0.6966784
id10061,0.9473348,0.0026958,0.0499694
id17673,0.6011068,0.3607062,0.0381870
id13249,0.4804868,0.0731315,0.4463817
id10107,0.0014173,0.0000019,0.9985808
id04403,0.9992413,0.0000127,0.0007460
id25728,0.8185341,0.0122791,0.1691868
id16184,0.3468329,0.2070766,0.4460905
id03438,0.0361231,0.0002657,0.9636112
id22923,0.0084271,0.9914811,0.0000919
id08610,0.9999916,0.0000064,0.0000020
id25355,0.0046335,0.0033440,0.9920225
id16916,0.3791668,0.6021172,0.0187161
id12793,0.0310987,0.9676271,0.0012742
id11859,0.7356233,0.1088311,0.1555456
id02434,1.0000000,0.0000000,0.0000000
id27703,0.0000613,0.0000003,0.9999384
id25212,0.0001662,0.9996092,0.0002247
id11308,0.0450205,0.0702097,0.8847698
id26094,0.9986042,0.0012921,0.0001037
id22080,0.8566355,0.1299676,0.0133969
id03545,0.9929102,0.0070324,0.0000574
id23725,0.0003529,0.0002358,0.9994113
id12009,0.9679242,0.0254250,0.0066508
id24241,0.2646960,0.5163425,0.2189615
id03596,0.0011197,0.9988585,0.0000218
id10749,0.1026893,0.8918333,0.0054774
id22794,0.0000002,0.0000005,0.9999993
id15482,0.8575264,0.0155765,0.1268971
id04833,0.8895741,0.1084779,0.0019480
id00397,0.0007391,0.0000000,0.9992609
id14691,0.0025641,0.0000108,0.9974251
id05193,0.0026805,0.0000576,0.9972619
id19541,0.9662428,0.0233083,0.0104489
id22166,0.0000001,0.0000011,0.9999988
id20744,0.0030430,0.0000196,0.9969374
id10392,0.0000001,0.0000001,0.9999998
id00770,0.9983296,0.0003733,0.0012970
id06018,0.6173891,0.2296515,0.1529594
id15678,0.1119400,0.0004331,0.8876269
id08305,0.6973799,0.3007085,0.0019115
id08903,0.0255775,0.0096611,0.9647614
id14752,0.8511887,0.1487309,0.0000803
id12468,0.0005965,0.9994008,0.0000027
id05085,0.7435066,0.1471236,0.1093698
id21993,0.6262039,0.0208960,0.3529001
id15503,0.9729012,0.0212698,0.0058289
id03021,0.0000000,1.0000000,0.0000000
id16123,1.0000000,0.0000000,0.0000000
id19383,0.9994114,0.0003384,0.0002502
id04186,0.9996319,0.0000029,0.0003652
id17954,0.0000057,0.0000000,0.9999943
id12030,0.3519600,0.0038342,0.6442058
id13020,0.5276700,0.4711506,0.0011794
id25327,0.0001376,0.2272490,0.7726133
id16344,0.1463435,0.0918310,0.7618255
id12303,0.4772311,0.4656134,0.0571555
id15017,0.9999998,0.0000002,0.0000000
id22308,0.5629313,0.0920249,0.3450438
id06536,0.0002205,0.0002431,0.9995364
id19797,0.0407409,0.2998672,0.6593919
id06332,0.4366403,0.5077620,0.0555978
id22941,0.0413586,0.0536494,0.9049921
id13547,0.0022042,0.0253637,0.9724322
id06928,0.0056059,0.0000129,0.9943812
id12521,0.0766379,0.9028731,0.0204890
id25716,0.7525465,0.0999042,0.1475493
id27116,0.5895223,0.0003938,0.4100840
id19941,0.0040860,0.9921959,0.0037181
id05711,0.0040560,0.0010862,0.9948578
id02097,0.0000189,0.0066180,0.9933631
id03563,0.0039149,0.9960815,0.0000036
id02295,0.3857211,0.2084153,0.4058636
id08179,1.0000000,0.0000000,0.0000000
id05332,0.1969981,0.4473485,0.3556534
id15697,0.2052415,0.0006897,0.7940688
id17026,0.2256891,0.0064025,0.7679083
id04243,0.9743606,0.0041981,0.0214413
id13175,1.0000000,0.0000000,0.0000000
id05387,0.9988322,0.0002298,0.0009380
id19989,0.9274686,0.0197836,0.0527478
id25173,0.0318801,0.0009327,0.9671872
id08925,0.2829486,0.7154959,0.0015555
id03034,0.0085319,0.9792149,0.0122532
id13272,0.0000416,0.9998936,0.0000647
id07956,0.9441634,0.0003672,0.0554694
id02648,0.0088452,0.0008094,0.9903454
id01778,0.0246908,0.0012303,0.9740789
id12846,0.0000108,0.0000000,0.9999892
id19001,0.0666356,0.0030583,0.9303062
id05763,0.7799314,0.0928298,0.1272388
id15590,0.0063247,0.0003186,0.9933567
id04912,0.7391854,0.0200503,0.2407642
id21201,0.9189390,0.0708769,0.0101841
id13215,0.9825079,0.0002355,0.0172567
id15612,0.3181519,0.6317746,0.0500735
id18501,0.8947695,0.0786279,0.0266026
id07223,0.2254783,0.6761485,0.0983732
id06707,0.2033968,0.2260910,0.5705122
id05238,0.0000001,0.9999999,0.0000000
id00935,0.0010469,0.0006257,0.9983274
id00110,0.0178423,0.0000000,0.9821577
id17476,0.9935134,0.0030036,0.0034829
id15170,0.9999609,0.0000339,0.0000052
id13397,0.0341733,0.0022176,0.9636091
id24283,0.9420555,0.0324961,0.0254483
id15234,0.9835338,0.0101604,0.0063058
id16884,0.1050928,0.7605049,0.1344023
id07831,0.7649492,0.0260903,0.2089605
id16038,0.9001535,0.0816852,0.0181613
id03629,0.9548020,0.0089612,0.0362367
id21019,0.6282610,0.2625910,0.1091480
id21835,0.2061119,0.6830044,0.1108838
id04480,0.0167037,0.9832751,0.0000212
id20838,0.9914664,0.0082004,0.0003332
id24195,0.5712741,0.3379080,0.0908179
id05448,0.9649906,0.0332786,0.0017308
id15957,0.1387498,0.7975854,0.0636648
id19956,0.0001382,0.0000000,0.9998618
id15104,0.0002329,0.0014990,0.9982681
id17559,0.8092917,0.1416396,0.0490686
id16839,0.1091041,0.0031031,0.8877929
id14493,0.5186033,0.0016626,0.4797342
id08833,0.9056250,0.0010807,0.0932943
id15723,0.4227334,0.0085223,0.5687444
id02716,0.9980940,0.0000153,0.0018908
id06689,0.0050729,0.9944037,0.0005234
id18837,0.0526342,0.0017618,0.9456040
id04466,0.9951436,0.0046311,0.0002253
id00686,0.9995308,0.0000024,0.0004668
id09010,0.0485114,0.9509507,0.0005379
id23353,0.9976155,0.0004237,0.0019608
id00066,0.5754649,0.1103962,0.3141389
id15724,0.0076022,0.9823368,0.0100610
id23486,0.0870307,0.0286844,0.8842850
id22258,0.0068321,0.0054505,0.9877175
id02292,0.9039515,0.0307051,0.0653434
id16356,0.0066170,0.0000651,0.9933179
id00235,0.9845719,0.0001437,0.0152844
id25522,0.0027839,0.0000222,0.9971938
id04204,0.7272701,0.1605098,0.1122200
id22016,0.3405414,0.0583794,0.6010793
id06480,0.0000242,0.9999741,0.0000017
id08718,0.2549701,0.0015640,0.7434659
id05251,0.0000079,0.9999920,0.0000001
id03359,0.5516170,0.4306308,0.0177522
id16117,0.0010604,0.0000009,0.9989387
id17000,0.0000055,0.9999936,0.0000009
id01730,0.0594795,0.9303451,0.0101754
id00630,0.9702910,0.0276083,0.0021007
id18175,0.0196384,0.0000200,0.9803416
id00907,0.9707724,0.0183643,0.0108633
id18251,0.0000020,0.9999980,0.0000000
id25861,0.4109626,0.0588168,0.5302206
id00398,0.3008199,0.6776905,0.0214896
id27573,0.9973173,0.0000278,0.0026549
id10022,0.0001109,0.9963816,0.0035075
id15901,0.0101247,0.0000000,0.9898752
id00451,0.0085462,0.0008748,0.9905790
id23129,0.0267300,0.8993986,0.0738714
id26498,0.8220613,0.1468281,0.0311105
id14741,0.6555837,0.3262925,0.0181237
id18453,0.0105623,0.0000332,0.9894045
id08309,0.8642249,0.0235579,0.1122172
id00320,1.0000000,0.0000000,0.0000000
id07688,0.1875737,0.0153943,0.7970319
id01556,0.0000824,0.0000032,0.9999144
id00178,0.0885523,0.0001810,0.9112668
id18902,0.0059825,0.0031601,0.9908574
id27002,0.3706432,0.6003007,0.0290562
id21418,0.9999992,0.0000008,0.0000000
id23018,0.3046894,0.1249731,0.5703375
id07032,0.1191346,0.0005047,0.8803607
id16195,0.8817345,0.0006807,0.1175848
id11202,0.0299262,0.9628366,0.0072372
id09578,0.6449682,0.0413554,0.3136764
id26984,0.3034540,0.0022616,0.6942843
id19856,0.0001366,0.9998562,0.0000072
id12086,0.5339283,0.0303629,0.4357088
id12052,0.0157270,0.0057425,0.9785305
id17728,0.0000898,0.0000277,0.9998825
id24608,0.1234831,0.0096287,0.8668882
id21097,0.0015722,0.0000201,0.9984077
id20179,0.0000002,0.0000001,0.9999998
id15144,0.4407334,0.0648921,0.4943745
id00206,0.7845890,0.0765006,0.1389104
id22285,0.5884328,0.0233232,0.3882439
id06417,0.0335898,0.1421142,0.8242960
id00215,0.0154010,0.9837187,0.0008804
id04201,0.0860140,0.0027758,0.9112102
id21771,0.9692327,0.0138898,0.0168775
id12451,0.0098719,0.8608174,0.1293108
id14250,0.0615441,0.6499749,0.2884810
id03433,0.2542029,0.6720636,0.0737335
id03303,0.1387589,0.0018099,0.8594312
id25901,0.0157952,0.4495017,0.5347032
id06945,0.8433081,0.0082891,0.1484028
id05664,0.7078652,0.0408490,0.2512859
id05741,1.0000000,0.0000000,0.0000000
id10652,0.8261330,0.1315821,0.0422849
id16300,0.9992993,0.0002886,0.0004121
id12319,0.3368119,0.0065982,0.6565900
id07500,0.0000146,0.9999854,0.0000000
id12478,0.2520028,0.2603190,0.4876782
id03076,0.0006257,0.0000000,0.9993743
id00969,0.6175717,0.3522992,0.0301291
id23636,0.0076085,0.9769062,0.0154853
id09791,0.0596184,0.1045766,0.8358050
id05680,0.1223506,0.8399527,0.0376967
id03672,0.0087847,0.9446391,0.0465762
id04286,0.0000301,0.9949298,0.0050400
id23883,0.0006040,0.1632397,0.8361563
id11914,0.7961991,0.0007802,0.2030207
id20974,0.4105258,0.5360680,0.0534062
id26125,0.0714259,0.0000025,0.9285716
id15543,0.1369038,0.0011717,0.8619245
id19471,0.9937289,0.0005818,0.0056893
id11503,0.5112848,0.3734145,0.1153007
id09321,0.0457626,0.4451059,0.5091315
id25560,0.0000007,0.0000005,0.9999988
id06726,0.1061165,0.2407209,0.6531627
id05709,0.9913021,0.0000007,0.0086973
id09788,0.0121304,0.8983355,0.0895341
id05289,0.9999980,0.0000017,0.0000003
id11815,0.0392224,0.9551440,0.0056336
id22422,0.1980415,0.0316348,0.7703237
id25954,0.8450736,0.0012985,0.1536279
id13601,0.8073271,0.1195899,0.0730831
id05677,0.7227587,0.0020692,0.2751721
id10498,0.7931988,0.2066091,0.0001921
id02665,0.8801220,0.1036194,0.0162586
id10114,0.0687592,0.8032109,0.1280299
id26314,0.9921453,0.0024980,0.0053567
id21240,0.2805763,0.0934255,0.6259982
id15569,0.9999917,0.0000030,0.0000053
id25928,0.0534557,0.0826557,0.8638887
id22706,0.1430910,0.8566615,0.0002475
id20877,0.0000000,0.9999859,0.0000141
id04318,0.2545904,0.2847909,0.4606188
id18299,0.5326577,0.1650734,0.3022688
id08126,0.0000660,0.0000000,0.9999340
id14293,0.8303653,0.0001045,0.1695302
id12759,0.9889633,0.0000051,0.0110316
id11983,0.8656815,0.1265515,0.0077670
id05580,0.0209399,0.9363000,0.0427601
id25846,0.2388256,0.6209105,0.1402639
id01939,0.2339293,0.0422111,0.7238596
id26327,0.0386630,0.6036558,0.3576812
id11068,0.0000107,0.0000000,0.9999893
id08404,0.9795384,0.0089652,0.0114964
id27189,0.9982722,0.0015585,0.0001693
id15119,0.0148898,0.7955262,0.1895841
id26525,0.9970228,0.0000018,0.0029754
id03618,0.6227470,0.3431987,0.0340543
id27220,0.9601002,0.0020343,0.0378655
id18777,0.0475952,0.0145636,0.9378412
id20213,0.7525682,0.0786268,0.1688050
id20403,0.9898511,0.0018843,0.0082646
id03777,0.5189689,0.0051626,0.4758685
id10595,0.0937896,0.9047416,0.0014688
id13816,0.4922194,0.0122918,0.4954887
id05667,0.0040391,0.0000008,0.9959601
id24629,0.7313421,0.0771302,0.1915277
id20398,0.0814393,0.0329241,0.8856365
id14108,0.0017187,0.0000051,0.9982762
id06196,0.0000390,0.9999534,0.0000076
id02800,0.1443323,0.6555836,0.2000841
id18732,0.0200122,0.9723131,0.0076747
id11915,0.0003400,0.9981027,0.0015573
id09739,0.9455226,0.0249772,0.0295002
id24672,0.9993531,0.0000010,0.0006459
id00414,0.0000000,0.0000000,1.0000000
id16307,0.9556642,0.0050552,0.0392806
id14043,0.1169165,0.0806070,0.8024764
id00517,0.0000000,0.0000000,1.0000000
id09744,0.9990564,0.0006664,0.0002773
id19257,0.9920588,0.0006052,0.0073360
id15437,0.7633706,0.2222273,0.0144021
id16352,0.0137118,0.0048280,0.9814601
id18849,0.7491393,0.1984905,0.0523702
id19434,0.0000054,0.9999903,0.0000043
id17928,0.0601025,0.0023708,0.9375268
id16896,0.0413928,0.0007620,0.9578452
id02135,0.0888012,0.1693560,0.7418428
id15075,0.9936391,0.0057068,0.0006540
id27486,0.0087575,0.9912271,0.0000154
id19422,0.9913900,0.0054099,0.0032001
id09603,0.0094784,0.9765272,0.0139944
id02133,0.0893405,0.9038754,0.0067841
id03441,0.3530787,0.0000184,0.6469029
id02398,0.0000288,0.9999711,0.0000001
id05152,0.4214834,0.0000066,0.5785100
id17838,0.2545080,0.0111314,0.7343606
id25060,0.9999754,0.0000103,0.0000143
id09998,0.2114593,0.0430289,0.7455118
id01828,0.0020962,0.9913507,0.0065531
id25377,0.7030726,0.1842874,0.1126401
id22175,0.0010289,0.9987659,0.0002052
id02974,0.0129881,0.0009063,0.9861056
id26955,0.9988836,0.0010251,0.0000913
id21091,0.9049297,0.0000014,0.0950689
id12802,0.9992686,0.0007176,0.0000138
id07432,0.0000074,0.9999921,0.0000004
id18749,0.0348159,0.7940854,0.1710987
id15030,0.0000191,0.0000002,0.9999807
id17155,0.0009227,0.9988735,0.0002038
id08128,0.0130183,0.9160605,0.0709212
id25706,0.0000006,0.9999497,0.0000497
id15645,0.9965718,0.0023148,0.0011133
id04943,0.9611115,0.0019159,0.0369726
id27566,0.0013597,0.0001445,0.9984958
id11765,0.4150271,0.2652167,0.3197562
id13783,0.3483627,0.2578628,0.3937745
id00492,0.0001432,0.0000002,0.9998567
id27636,0.0280415,0.0012875,0.9706710
id04273,0.9209445,0.0183204,0.0607351
id02537,0.1128313,0.2590285,0.6281402
id24349,0.2730147,0.7249222,0.0020630
id00023,0.0000046,0.9991592,0.0008363
id23025,0.5701745,0.0385171,0.3913084
id08722,0.9099377,0.0054637,0.0845985
id02420,0.9999999,0.0000001,0.0000000
id10811,0.9982465,0.0000516,0.0017019
id04019,0.0002540,0.0000538,0.9996923
id18334,0.9992985,0.0006377,0.0000637
id16781,0.7681979,0.1178220,0.1139801
id08773,0.2733193,0.7263280,0.0003527
id19214,0.9909449,0.0019493,0.0071058
id09589,0.0000715,0.9949871,0.0049414
id24246,0.9923734,0.0015764,0.0060502
id23577,0.9826067,0.0170628,0.0003305
id09305,0.4963075,0.1416833,0.3620092
id16460,0.6819883,0.0645214,0.2534904
id21115,0.9510750,0.0060899,0.0428350
id25996,0.6800667,0.0294296,0.2905036
id02551,0.0025987,0.0169080,0.9804934
id19352,0.0047776,0.0000491,0.9951733
id03806,0.0026532,0.0000047,0.9973421
id26544,0.8755834,0.0046154,0.1198013
id18761,0.5977709,0.1789771,0.2232520
id24148,0.0002616,0.9997242,0.0000142
id16095,0.0098884,0.9327598,0.0573518
id18442,0.8765246,0.0162285,0.1072469
id22596,0.0000278,0.0000000,0.9999722
id23002,0.0095007,0.0060676,0.9844318
id04797,0.9996755,0.0002553,0.0000692
id06610,0.0123125,0.0001914,0.9874960
id16173,0.4001526,0.3402951,0.2595523
id18292,0.0003515,0.0000960,0.9995526
id27328,0.9995436,0.0000291,0.0004273
id01695,0.1555565,0.8397863,0.0046571
id05761,0.2825245,0.0003283,0.7171471
id16354,0.9573821,0.0000915,0.0425263
id12207,0.0010836,0.3439677,0.6549486
id05665,0.0181886,0.0000150,0.9817964
id01911,0.9280337,0.0582434,0.0137229
id19153,0.0494666,0.0004659,0.9500675
id10295,0.1624968,0.8132060,0.0242972
id23038,0.2242683,0.4563191,0.3194126
id23783,0.3343760,0.6639667,0.0016573
id27879,0.9956168,0.0043605,0.0000227
id19190,0.0001171,0.9997633,0.0001196
id05065,0.9931263,0.0050983,0.0017754
id21296,0.0068589,0.9917100,0.0014311
id13262,0.0814387,0.0174461,0.9011151
id10333,0.9998388,0.0001023,0.0000589
id16677,0.7995043,0.1144809,0.0860148
id01392,0.2792431,0.0017921,0.7189648
id27874,0.8595347,0.0866387,0.0538266
id02294,0.0225139,0.8035129,0.1739732
id18298,0.0085833,0.1500355,0.8413812
id06997,0.9995907,0.0001929,0.0002164
id05243,0.2287084,0.4859211,0.2853705
id00860,0.0002460,0.9985240,0.0012300
id26681,0.5104561,0.0827536,0.4067903
id06020,0.0005527,0.0000000,0.9994473
id27683,0.6997715,0.2707261,0.0295024
id17655,0.0000019,0.9999981,0.0000000
id08817,0.0039130,0.0000242,0.9960628
id11512,0.0000013,0.0004581,0.9995407
id00478,0.1812041,0.0002343,0.8185615
id02116,0.9745071,0.0182530,0.0072399
id06746,0.9385970,0.0220680,0.0393350
id03863,0.3955240,0.2207593,0.3837166
id01802,0.0147625,0.9795969,0.0056405
id11682,0.5727903,0.0006696,0.4265400
id04033,0.0006418,0.9986608,0.0006974
id09286,0.0230404,0.0998477,0.8771119
id12904,0.9996476,0.0001334,0.0002189
id07420,0.0000013,0.0000002,0.9999985
id22398,0.0000000,0.9999998,0.0000001
id00424,0.0609832,0.0003800,0.9386368
id20960,0.9992454,0.0007298,0.0000249
id10267,0.2984623,0.5645367,0.1370009
id19330,0.3754792,0.0002436,0.6242773
id00994,0.0000053,0.9999783,0.0000165
id10785,0.5758066,0.2661597,0.1580337
id00955,0.0066244,0.9785254,0.0148502
id09757,0.0000350,0.9999531,0.0000119
id10030,0.1039757,0.0997251,0.7962993
id22952,0.5929383,0.3119356,0.0951260
id21955,0.0005448,0.0003714,0.9990838
id07674,0.7246862,0.0110865,0.2642273
id13760,0.0022185,0.9977652,0.0000163
id18166,0.9962434,0.0000022,0.0037544
id23498,0.2966159,0.7023880,0.0009962
id05296,0.9746092,0.0003288,0.0250620
id26709,0.9879973,0.0088113,0.0031913
id02853,0.9761800,0.0068336,0.0169864
id06800,0.1715473,0.4662913,0.3621615
id14758,0.6957917,0.1939651,0.1102432
id12356,0.9978138,0.0004476,0.0017385
id21492,0.9740161,0.0044873,0.0214965
id27540,0.9938827,0.0000001,0.0061172
id07376,0.0065580,0.0018711,0.9915709
id15201,0.5269194,0.4722615,0.0008191
id23388,0.0000908,0.9996400,0.0002692
id13923,0.1582624,0.8252909,0.0164467
id00794,0.0000040,0.9998872,0.0001088
id23910,0.1260372,0.0180677,0.8558951
id02556,0.1070208,0.0939935,0.7989857
id22151,0.0000189,0.9999806,0.0000005
id11698,0.0319393,0.9413893,0.0266715
id11627,0.7691373,0.0217850,0.2090777
id06340,0.9999817,0.0000064,0.0000119
id05123,0.9521155,0.0294816,0.0184029
id26620,0.0000477,0.0000000,0.9999523
id04002,0.0305452,0.0804647,0.8889901
id26554,0.0109443,0.3965115,0.5925441
id18012,0.0006803,0.1301302,0.8691895
id12964,0.0367091,0.0028583,0.9604326
id18965,0.0003380,0.9463045,0.0533575
id19082,0.0253276,0.0000406,0.9746317
id26742,0.0039318,0.0000009,0.9960674
id15442,0.1206518,0.7403706,0.1389775
id16647,0.4360160,0.0522643,0.5117197
id11544,0.0964333,0.1042323,0.7993344
id20581,0.0563568,0.0804636,0.8631796
id13192,0.0256730,0.9610279,0.0132991
id15814,0.0057577,0.0181287,0.9761136
id26279,0.1194018,0.8794979,0.0011003
id00240,0.8195438,0.0490649,0.1313912
id22836,0.9999973,0.0000015,0.0000012
id15085,0.0011679,0.9413143,0.0575178
id17495,0.3007201,0.0917363,0.6075437
id26762,0.6217055,0.0009775,0.3773170
id13685,0.9914380,0.0000356,0.0085264
id16560,0.0032213,0.9966971,0.0000816
id17184,0.0000620,0.9996934,0.0002446
id21635,0.9999894,0.0000000,0.0000106
id26751,0.3321101,0.3037255,0.3641644
id12351,0.9966141,0.0001533,0.0032326
id14872,0.5713664,0.3355442,0.0930894
id18372,0.9820876,0.0124233,0.0054891
id26851,0.9508244,0.0214580,0.0277176
id22659,0.2710239,0.7286862,0.0002899
id04102,0.0187035,0.0000143,0.9812822
id02353,0.0001300,0.9998089,0.0000611
id26721,0.9998058,0.0001921,0.0000021
id11171,0.6975336,0.0674926,0.2349738
id13562,0.4382629,0.2631558,0.2985813
id26425,0.7349810,0.0075694,0.2574496
id26394,0.1539132,0.0709161,0.7751707
id22187,0.7529741,0.1320668,0.1149591
id00422,1.0000000,0.0000000,0.0000000
id22667,0.0000025,0.9999975,0.0000000
id00911,0.7487085,0.0149986,0.2362929
id17291,0.3918587,0.0000045,0.6081368
id01915,0.0940598,0.0526553,0.8532849
id01434,0.2528564,0.1432720,0.6038715
id01584,0.4099951,0.0837370,0.5062680
id09266,0.9115552,0.0024644,0.0859804
id17494,0.0005410,0.9991344,0.0003246
id24919,0.0894441,0.3364130,0.5741429
id21043,0.0002282,0.0000000,0.9997718
id17796,0.0001516,0.9998446,0.0000038
id02166,0.3343121,0.0000000,0.6656879
id17503,0.9651629,0.0000679,0.0347693
id21203,0.2215973,0.2027983,0.5756043
id25626,0.9999996,0.0000000,0.0000004
id09836,0.9919952,0.0075329,0.0004719
id24202,0.0045722,0.0057061,0.9897217
id27260,0.6929406,0.0154452,0.2916143
id23167,0.0000303,0.0000001,0.9999696
id10393,0.0070489,0.9915886,0.0013624
id01171,0.9998067,0.0000516,0.0001417
id06380,0.8795675,0.0020530,0.1183795
id22686,0.2081478,0.0005829,0.7912693
id26250,0.5144925,0.0296630,0.4558446
id09315,0.0752866,0.8676760,0.0570374
id00886,0.0869428,0.8179082,0.0951491
id03101,0.9583195,0.0366828,0.0049977
id12367,0.7253594,0.0624007,0.2122399
id10770,0.9779252,0.0064995,0.0155752
id14949,0.0006415,0.9993571,0.0000015
id14141,0.0578540,0.9421435,0.0000026
id25417,0.6110487,0.3718167,0.0171346
id26873,0.9814384,0.0046202,0.0139414
id10818,0.1036943,0.0099326,0.8863730
id15146,0.8021082,0.0409750,0.1569168
id23328,0.9984757,0.0002932,0.0012310
id16765,0.7905236,0.1570537,0.0524227
id24383,0.9144803,0.0000121,0.0855076
id21304,0.9869582,0.0094449,0.0035969
id12551,0.0000882,0.9998511,0.0000607
id23274,0.1809534,0.0651972,0.7538494
id08117,0.9562654,0.0049172,0.0388175
id23961,0.8301189,0.0002090,0.1696720
id13865,0.1186313,0.8737851,0.0075837
id22807,0.1408609,0.0075717,0.8515674
id08951,0.0099604,0.0019931,0.9880465
id18684,0.9995133,0.0001106,0.0003761
id25179,0.0102659,0.7453611,0.2443730
id27033,0.9996542,0.0000000,0.0003457
id13977,0.4121447,0.1879550,0.3999002
id19337,0.0001794,0.9636713,0.0361492
id25764,0.0316241,0.9671351,0.0012407
id16106,0.4775317,0.0448122,0.4776561
id05468,0.0014240,0.0000008,0.9985752
id05241,0.8837265,0.0002501,0.1160234
id10215,0.6716076,0.0226072,0.3057852
id23457,0.0007249,0.0005417,0.9987333
id02200,,,
id13714,0.2907213,0.6377109,0.0715679
id20332,0.0000000,0.0000000,1.0000000
id18573,0.0550730,0.0444012,0.9005258
id08569,1.0000000,0.0000000,0.0000000
id22767,0.9112223,0.0114218,0.0773559
id25390,0.0876215,0.8260126,0.0863659
id09288,0.9998920,0.0000055,0.0001026
id12381,0.9986901,0.0012586,0.0000513
id02895,0.0891183,0.0053842,0.9054975
id25270,0.0000030,0.0000000,0.9999970
id14248,0.1224046,0.0730514,0.8045440
id12831,0.9997240,0.0000001,0.0002759
id18305,0.5611485,0.1721931,0.2666584
id07805,0.9997311,0.0000663,0.0002026
id14027,0.5979751,0.1123283,0.2896966
id02760,0.9720939,0.0224340,0.0054721
id24362,0.9882490,0.0111585,0.0005925
id17065,0.0116769,0.9883108,0.0000123
id26583,0.0007185,0.9849089,0.0143726
id19664,1.0000000,0.0000000,0.0000000
id25145,0.5588737,0.1832740,0.2578523
id17858,0.0048779,0.9949690,0.0001530
id05148,0.3331505,0.5398630,0.1269865
id22928,0.8312254,0.1226065,0.0461681
id21549,0.0007321,0.0000000,0.9992679
id12649,0.1029952,0.8969065,0.0000983
id21597,0.9479301,0.0127453,0.0393247
id27945,0.8526494,0.1446441,0.0027065
id00243,0.9999275,0.0000007,0.0000718
id02745,0.9994234,0.0005758,0.0000009
id23550,0.0535234,0.0052236,0.9412530
id13023,0.8647841,0.0000117,0.1352042
id24796,0.0045544,0.0001388,0.9953068
id12284,0.0533994,0.9362374,0.0103631
id02664,0.0000000,1.0000000,0.0000000
id23767,0.9971437,0.0016494,0.0012069
id05859,0.0001798,0.9964487,0.0033715
id14350,0.4755901,0.4231051,0.1013048
id01191,0.0888626,0.6916962,0.2194412
id17034,0.7736784,0.0915876,0.1347341
id25292,0.9996010,0.0000517,0.0003473
id22121,0.9988625,0.0005235,0.0006140
id20872,0.9937742,0.0020872,0.0041386
id17720,0.1241951,0.8703026,0.0055023
id22658,0.0217372,0.9776597,0.0006030
id09567,0.0536307,0.6697202,0.2766491
id16445,0.8131846,0.0113218,0.1754935
id08349,0.0384763,0.0013173,0.9602065
id27437,0.0148539,0.3914767,0.5936694
id03812,0.9999946,0.0000006,0.0000047
id22304,0.9400899,0.0559116,0.0039985
id04449,0.3165739,0.5045315,0.1788946
id15605,0.1992982,0.0778446,0.7228573
id01768,0.8239748,0.1061685,0.0698567
id20019,0.5574619,0.4099327,0.0326054
id09593,0.0002905,0.9922077,0.0075018
id23179,0.2699232,0.0086833,0.7213935
id21279,0.9982054,0.0000934,0.0017013
id06711,0.0000255,0.0000001,0.9999744
id14243,0.0000008,0.9999941,0.0000051
id04839,0.0090108,0.3426100,0.6483791
id17220,0.0006273,0.9944251,0.0049476
id24177,0.9210658,0.0537853,0.0251489
id20512,0.0047832,0.0000067,0.9952101
id14036,0.0000516,0.9999138,0.0000346
id25001,0.0838536,0.0061366,0.9100098
id06175,0.0002520,0.9996365,0.0001115
id24720,0.2562847,0.7263521,0.0173632
id08070,0.4958376,0.4970585,0.0071038
id18934,0.9986048,0.0010342,0.0003611
id01338,0.9858516,0.0001470,0.0140013
id19008,0.0000034,0.9999625,0.0000341
id19632,0.1731446,0.2298310,0.5970243
id26224,0.0000000,0.0000004,0.9999996
id08219,0.9863197,0.0015273,0.0121530
id24008,0.0000000,0.0000000,1.0000000
id12475,0.2107456,0.7778683,0.0113861
id05766,0.7794181,0.1250954,0.0954865
id27386,0.0014514,0.9967831,0.0017655
id12476,0.0000000,1.0000000,0.0000000
id08311,0.9514579,0.0415947,0.0069474
id04996,0.9871273,0.0103289,0.0025438
id17350,0.6776004,0.1178995,0.2045001
id05546,0.0000400,0.9999560,0.0000040
id16504,0.0049797,0.9930694,0.0019509
id05782,0.0000337,0.0000080,0.9999583
id20560,0.9126348,0.0268244,0.0605408
id14171,0.0039929,0.0026628,0.9933443
id27461,0.1970251,0.0256772,0.7772977
id03581,0.0765621,0.0047604,0.9186774
id21847,0.1119464,0.0139337,0.8741200
id11712,0.9357655,0.0034048,0.0608297
id26738,0.0001834,0.0001047,0.9997119
id13668,0.9999818,0.0000172,0.0000010
id15114,0.9999879,0.0000000,0.0000121
id20130,0.4958707,0.0535026,0.4506267
id18331,0.8092598,0.0005134,0.1902268
id24465,1.0000000,0.0000000,0.0000000
id13539,0.9987078,0.0012883,0.0000039
id27564,0.0018114,0.9971927,0.0009959
id26043,0.7800351,0.0000405,0.2199245
id04965,0.0135446,0.0192929,0.9671625
id08645,0.0000234,0.0000203,0.9999563
id26610,0.3002795,0.1029041,0.5968164
id21737,0.2219021,0.7332314,0.0448665
id25784,0.0000000,1.0000000,0.0000000
id23030,0.7337281,0.0119712,0.2543007
id16450,0.0000745,0.9995443,0.0003812
id02161,0.8924402,0.0225481,0.0850117
id25535,0.9954414,0.0000193,0.0045393
id16566,0.9902899,0.0001712,0.0095389
id05714,0.9872747,0.0031548,0.0095705
id16524,0.4727166,0.5258003,0.0014832
id23941,0.0000912,0.9971184,0.0027904
id00831,0.0000072,0.0058274,0.9941653
id18145,0.2103383,0.0171454,0.7725162
id17227,1.0000000,0.0000000,0.0000000
id09417,0.5772448,0.0752634,0.3474917
id21307,0.4383708,0.3814970,0.1801322
id05650,0.0000000,1.0000000,0.0000000
id23901,0.7380734,0.1109164,0.1510102
id05831,0.9999800,0.0000000,0.0000200
id16708,0.0031710,0.9869132,0.0099158
id02281,0.0051581,0.0189327,0.9759092
id11599,0.6099021,0.1827165,0.2073814
id18353,0.1585567,0.2093740,0.6320693
id07413,0.5320633,0.4451577,0.0227790
id15653,0.2413023,0.6715191,0.0871786
id09715,0.0000930,0.0000026,0.9999044
id05108,0.0052610,0.9945884,0.0001506
id09537,0.5499625,0.0044071,0.4456304
id27596,0.9979169,0.0017807,0.0003024
id24255,0.0025256,0.0000010,0.9974734
id05080,0.0000002,0.0000000,0.9999998
id09484,0.9760693,0.0103877,0.0135430
id14864,0.1856750,0.0028661,0.8114590
id26836,0.5734744,0.0600217,0.3665038
id07003,0.9568817,0.0428481,0.0002703
id13750,0.0000003,0.9999995,0.0000002
id21799,0.0183536,0.4700279,0.5116185
id11285,0.9999998,0.0000000,0.0000002
id04735,0.9917767,0.0081114,0.0001119
id23049,0.0000045,0.0000645,0.9999310
id05826,0.0739758,0.8949544,0.0310698
id17916,0.6459582,0.3534841,0.0005577
id14081,0.0037633,0.0000000,0.9962367
id10527,0.1337704,0.0000904,0.8661393
id16059,0.0061785,0.9732400,0.0205815
id25542,0.9989863,0.0010127,0.0000010
id05402,0.0079236,0.0272158,0.9648606
id01927,0.9952701,0.0002580,0.0044719
id27656,0.6932289,0.0037172,0.3030539
id06708,0.0696068,0.2174943,0.7128989
id03524,0.1190213,0.6306982,0.2502804
id12297,0.8738130,0.0007739,0.1254131
id03439,0.9635121,0.0312391,0.0052488
id04587,0.0000000,1.0000000,0.0000000
id25470,0.0000021,0.9999979,0.0000000
id01212,0.0242043,0.9747970,0.0009986
id13932,0.4861760,0.4601600,0.0536639
id00124,0.0032204,0.0000349,0.9967447
id01592,0.9973758,0.0000898,0.0025344
id13461,0.4804102,0.2033638,0.3162260
id24681,0.0129274,0.0532321,0.9338405
id23245,0.4334672,0.0037553,0.5627774
id14073,0.7122895,0.2031350,0.0845755
id05172,0.9792180,0.0000134,0.0207685
id21979,0.8138396,0.0071780,0.1789824
id00328,0.8089075,0.0018446,0.1892478
id26102,0.9857972,0.0142008,0.0000019
id14867,0.0094700,0.0017649,0.9887651
id27544,0.0004219,0.9995776,0.0000005
id16228,0.9958609,0.0008318,0.0033073
id16342,0.8540234,0.1160527,0.0299239
id24933,0.9999997,0.0000001,0.0000002
id04601,0.9632526,0.0220391,0.0147083
id01599,0.0002766,0.9753943,0.0243291
id06238,0.8312931,0.0651764,0.1035306
id06826,0.2864745,0.4753624,0.2381631
id23307,0.9987139,0.0012861,0.0000000
id13575,0.9944603,0.0034947,0.0020450
id24174,0.1751553,0.0002960,0.8245487
id19534,0.0568018,0.0219649,0.9212333
id19602,0.1201239,0.0010054,0.8788707
id26962,0.0016803,0.9980664,0.0002534
id04448,0.9717466,0.0166302,0.0116232
id09786,0.2242883,0.7575207,0.0181911
id25240,0.5984373,0.2498683,0.1516944
id14893,0.8783499,0.1214190,0.0002310
id24221,0.8450480,0.1548428,0.0001092
id04696,0.2745563,0.0048260,0.7206177
id15153,0.1043359,0.8520794,0.0435847
id13882,0.0000000,1.0000000,0.0000000
id17836,0.0004184,0.9995248,0.0000568
id00574,0.0340548,0.9656794,0.0002658
id02078,0.0037691,0.5889820,0.4072490
id21206,0.0127721,0.9869896,0.0002383
id20084,0.0143032,0.0014571,0.9842397
id26598,0.0033255,0.0000351,0.9966395
id06838,0.3399374,0.0074003,0.6526623
id08786,0.0040633,0.0000143,0.9959224
id09550,0.0023606,0.0000744,0.9975650
id10206,0.9862291,0.0008192,0.0129517
id21113,0.9975992,0.0003012,0.0020997
id21151,0.5391326,0.4597424,0.0011250
id02692,0.9997584,0.0001663,0.0000753
id26446,0.7944747,0.0446198,0.1609055
id07377,0.9169372,0.0773537,0.0057091
id15998,0.9938205,0.0039078,0.0022716
id19637,0.9929501,0.0000013,0.0070487
id19735,0.0062909,0.9630058,0.0307032
id13739,0.0640555,0.0007826,0.9351619
id25175,0.7927156,0.0353764,0.1719080
id00563,0.1016538,0.4636955,0.4346507
id09982,0.7547126,0.0001283,0.2451591
id15459,0.0000000,1.0000000,0.0000000
id20785,0.0000480,0.0000000,0.9999520
id07145,0.0000911,0.1231970,0.8767119
id22204,0.3490813,0.5658728,0.0850459
id09285,0.9411336,0.0020889,0.0567775
id18157,0.0018374,0.0002201,0.9979425
id12134,0.0089721,0.0439046,0.9471233
id23914,0.9999034,0.0000320,0.0000646
id10483,0.9950671,0.0045546,0.0003783
id07092,0.8992780,0.0290748,0.0716472
id14786,0.0063131,0.0083389,0.9853480
id25741,0.8056009,0.0043472,0.1900519
id09050,0.7097407,0.2886686,0.0015907
id04938,0.8918957,0.0213017,0.0868026
id05901,0.6365475,0.0718607,0.2915918
id16975,0.0003819,0.9995525,0.0000655
id08547,0.0000978,0.0000001,0.9999020
id16355,0.5597915,0.0012317,0.4389768
id14568,0.8249653,0.0010019,0.1740328
id25599,0.0006622,0.1048106,0.8945272
id01670,0.0082403,0.9893593,0.0024004
id23945,0.0030256,0.9969744,0.0000000
id17394,0.0014400,0.0000800,0.9984801
id06501,0.3083448,0.4976005,0.1940547
id26234,0.0611905,0.9297568,0.0090527
id21280,0.0001313,0.0000000,0.9998687
id20048,0.0114264,0.1323706,0.8562029
id01216,0.0540005,0.8352812,0.1107183
id25320,0.8605337,0.0007003,0.1387660
id22833,0.0137733,0.2380313,0.7481953
id22056,0.1013581,0.7306152,0.1680267
id02275,0.0003286,0.9884302,0.0112412
id26127,0.5394941,0.0002962,0.4602096
id17011,0.0003031,0.9996940,0.0000029
id13847,0.5286869,0.1248453,0.3464677
id00013,0.0010856,0.9985119,0.0004025
id16463,0.9624598,0.0006256,0.0369146
id04845,0.1447014,0.4111719,0.4441267
id01787,0.0055297,0.1585207,0.8359496
id08637,0.9996013,0.0002261,0.0001725
id11414,0.0000011,0.0000000,0.9999989
id13177,0.0345888,0.5922258,0.3731855
id24517,0.9994622,0.0000386,0.0004992
id26838,0.7853561,0.0487617,0.1658822
id23081,0.0003088,0.9968836,0.0028075
id16327,0.2218917,0.7293679,0.0487404
id27282,0.0000255,0.9999745,0.0000000
id07489,0.0584512,0.0085107,0.9330381
id01718,0.0000165,0.0000106,0.9999730
id15441,0.8421131,0.0619641,0.0959228
id27736,0.0050180,0.5798971,0.4150849
id16324,0.0010213,0.0564700,0.9425087
id12027,0.1376211,0.0202201,0.8421587
id24653,0.0004879,0.9995121,0.0000000
id17541,0.0868259,0.0095790,0.9035951
id22406,0.0175987,0.8856152,0.0967860
id18356,0.9373248,0.0559454,0.0067298
id04505,0.3285611,0.4336100,0.2378289
id04246,0.2526916,0.4009945,0.3463139
id07368,0.6995692,0.1491244,0.1513064
id26185,0.0000095,0.0000020,0.9999885
id08878,0.0710524,0.3001273,0.6288204
id27691,0.0000011,0.0000030,0.9999959
id18004,0.4179777,0.2284380,0.3535843
id24426,0.9800060,0.0019701,0.0180239
id14164,0.9058726,0.0645067,0.0296207
id12653,0.0000000,0.9999363,0.0000637
id18060,0.7613628,0.0656158,0.1730214
id18556,0.6526421,0.0848908,0.2624671
id27371,0.0508575,0.1816310,0.7675115
id11989,0.0721443,0.6615003,0.2663554
id26095,0.9958870,0.0040847,0.0000283
id24978,0.9444379,0.0070708,0.0484913
id20322,0.1401066,0.0082568,0.8516366
id01954,0.9997643,0.0002329,0.0000029
id07434,0.1117752,0.2686704,0.6195544
id18144,0.0000390,0.0000702,0.9998908
id16250,0.5145446,0.4744686,0.0109868
id17793,0.0000000,0.0000020,0.9999980
id24067,0.0216505,0.0022454,0.9761041
id13891,0.0168718,0.0000004,0.9831278
id07334,0.0887940,0.7203232,0.1908828
id15633,0.0217499,0.7792037,0.1990464
id23239,0.9714324,0.0028291,0.0257385
id10674,0.0361751,0.0866908,0.8771341
id22093,0.6656638,0.1210512,0.2132850
id08444,0.2879378,0.2429509,0.4691113
id03257,0.0004635,0.0011936,0.9983429
id10040,0.1432506,0.8564108,0.0003386
id04902,0.0015440,0.0000012,0.9984548
id01219,0.8588494,0.0980514,0.0430992
id01340,0.6255629,0.1545243,0.2199128
id05117,0.0984373,0.8822677,0.0192950
id04908,0.0028278,0.0000000,0.9971721
id03626,0.0000003,0.0000000,0.9999997
id01888,0.9995705,0.0000979,0.0003316
id17199,0.0186766,0.0001603,0.9811631
id11200,0.4034935,0.2878084,0.3086981
id27561,0.3092001,0.0352090,0.6555909
id20966,0.0000029,0.9999968,0.0000002
id10257,0.0016504,0.9971590,0.0011906
id21168,0.0300013,0.7968431,0.1731557
id23363,0.0000140,0.0000000,0.9999860
id05321,0.9906155,0.0000404,0.0093442
id09928,0.0001326,0.0000048,0.9998626
id18015,1.0000000,0.0000000,0.0000000
id02082,0.0000827,0.9999164,0.0000009
id19279,0.9526732,0.0038973,0.0434295
id08541,0.1651936,0.7253329,0.1094736
id15249,0.0026520,0.9878693,0.0094787
id03609,0.1445389,0.8334205,0.0220406
id22902,0.0140220,0.0006142,0.9853638
id17733,0.9999994,0.0000006,0.0000000
id07554,0.0018362,0.0009971,0.9971667
id14120,0.6941374,0.0108807,0.2949819
id21802,0.0018553,0.9980594,0.0000853
id15614,0.0027952,0.9970561,0.0001487
id19437,0.0000000,0.0000000,1.0000000
id22698,0.9555115,0.0248876,0.0196009
id21841,0.0001622,0.9995590,0.0002788
id16177,0.9213867,0.0773745,0.0012389
id15887,0.1981409,0.1059224,0.6959367
id22629,0.4032440,0.0358826,0.5608734
id10346,0.9688432,0.0096171,0.0215397
id05154,0.8348887,0.0415126,0.1235987
id22913,0.6160755,0.2262622,0.1576623
id10544,0.0068392,0.5470085,0.4461523
id08703,0.0054710,0.9945276,0.0000014
id12817,0.0658951,0.0110726,0.9230323
id25433,0.9937809,0.0051089,0.0011101
id25112,0.0321280,0.0001995,0.9676725
id05054,0.0330674,0.4746235,0.4923091
id02311,0.0419430,0.9312735,0.0267834
id22160,0.1093690,0.4372572,0.4533738
id17422,0.9999966,0.0000014,0.0000020
id18985,0.9337814,0.0360283,0.0301903
id21905,0.0420670,0.1075341,0.8503989
id17474,0.9997045,0.0002001,0.0000954
id15236,0.0000019,0.9999663,0.0000318
id13964,0.6447073,0.0904254,0.2648672
id15962,0.0003723,0.9993365,0.0002912
id20866,0.1149335,0.1196182,0.7654484
id06625,0.1705778,0.3116527,0.5177694
id09793,0.1129527,0.0011540,0.8858934
id17365,0.0000004,0.9999918,0.0000078
id18463,0.1102280,0.8804529,0.0093192
id20693,0.0050301,0.8358820,0.1590879
id08785,0.0000735,0.9998897,0.0000368
id06783,0.0075636,0.9808415,0.0115949
id23178,0.0010033,0.0000020,0.9989947
id13513,0.0002047,0.9970828,0.0027125
id25361,0.0020141,0.0009972,0.9969887
id22319,0.7138893,0.0879049,0.1982058
id14024,0.5817119,0.3051315,0.1131565
id24186,0.0018599,0.9981188,0.0000213
id20965,0.4727375,0.3131915,0.2140710
id06242,0.8350809,0.0564706,0.1084484
id25665,0.0093737,0.0789996,0.9116267
id09706,0.5252569,0.4292049,0.0455382
id11026,0.0000000,1.0000000,0.0000000
id04223,0.9921935,0.0073847,0.0004218
id19674,0.0000002,0.9998629,0.0001369
id23420,0.0017489,0.1165571,0.8816940
id18059,0.0299303,0.9454238,0.0246459
id22576,0.9593001,0.0314674,0.0092325
id18495,0.0000249,0.9999379,0.0000371
id14139,0.9883439,0.0016656,0.0099904
id18313,0.0585969,0.9033295,0.0380736
id27356,0.9282211,0.0407267,0.0310522
id16035,0.2351388,0.0001741,0.7646872
id04182,0.2357827,0.3780742,0.3861431
id15667,0.9965542,0.0016355,0.0018103
id08713,0.9934132,0.0049410,0.0016459
id25563,0.0000000,0.9999995,0.0000005
id17023,0.9997369,0.0002142,0.0000489
id03014,0.0000000,1.0000000,0.0000000
id23812,0.1320901,0.8663002,0.0016097
id20057,0.0091099,0.1799096,0.8109805
id12385,0.5662238,0.4282120,0.0055642
id24416,0.7788205,0.1913013,0.0298782
id15672,0.0013475,0.9847017,0.0139508
id13868,0.9403321,0.0596597,0.0000082
id21095,0.0425149,0.0320415,0.9254435
id05305,0.2190930,0.3673170,0.4135900
id15384,0.0679812,0.0895006,0.8425182
id14049,0.0134181,0.0000049,0.9865770
id23441,0.9358375,0.0600308,0.0041317
id12856,0.1297290,0.0000155,0.8702554
id16055,0.0000001,0.0000020,0.9999979
id24771,0.4192855,0.4772187,0.1034958
id14053,0.9068353,0.0235062,0.0696585
id19547,0.0000191,0.0138699,0.9861110
id03639,0.0282542,0.8252030,0.1465429
id14546,0.0178283,0.9761389,0.0060329
id13935,0.3202807,0.0000030,0.6797163
id20335,0.1281329,0.7982600,0.0736072
id07301,0.1809934,0.0060688,0.8129378
id10186,0.9462918,0.0085405,0.0451676
id00192,0.9391484,0.0435998,0.0172519
id17851,0.9583628,0.0410025,0.0006348
id08403,0.0892233,0.8805436,0.0302331
id06183,0.7688084,0.0446629,0.1865287
id24738,0.0884867,0.7762669,0.1352464
id15112,0.2484949,0.1958826,0.5556226
id19819,0.0007432,0.0000328,0.9992240
id17722,0.0048346,0.0032590,0.9919064
id24273,0.0043292,0.9236216,0.0720492
id18939,0.0000009,0.0000000,0.9999991
id16076,0.9278270,0.0718830,0.0002899
id23158,0.0006877,0.0006488,0.9986635
id12745,0.6141738,0.1420722,0.2437540
id22538,0.1417649,0.2299535,0.6282816
id14975,0.8095792,0.1875765,0.0028444
id27537,0.9973728,0.0014230,0.0012042
id06632,0.0579136,0.0001217,0.9419647
id08100,0.0200777,0.9797939,0.0001283
id00843,1.0000000,0.0000000,0.0000000
